500,5
500,4
500,3
500,2
500,1
500,0
499,5
499,4
499,3
499,2
499,1
499,0
498,6
498,5
498,4
498,3
498,2
498,1
498,0
497,4
497,3
497,2
497,1
497,0
496,3
496,2
496,1
496,0
495,12
495,11
495,10
495,9
495,8
495,7
495,6
495,5
495,4
495,3
495,2
495,1
495,0
494,3
494,2
494,1
494,0
493,3
493,2
493,1
493,0
492,5
492,4
492,3
492,2
492,1
492,0
491,8
491,7
491,6
491,5
491,4
491,3
491,2
491,1
491,0
490,6
490,5
490,4
490,3
490,2
490,1
490,0
489,7
489,6
489,5
489,4
489,3
489,2
489,1
489,0
488,6
488,5
488,4
488,3
488,2
488,1
488,0
487,7
487,6
487,5
487,4
487,3
487,2
487,1
487,0
486,8
486,7
486,6
486,5
486,4
486,3
486,2
486,1
486,0
485,7
485,6
485,5
485,4
485,3
485,2
485,1
485,0
484,7
484,6
484,5
484,4
484,3
484,2
484,1
484,0
483,7
483,6
483,5
483,4
483,3
483,2
483,1
483,0
482,6
482,5
482,4
482,3
482,2
482,1
482,0
481,5
481,4
481,3
481,2
481,1
481,0
480,5
480,4
480,3
480,2
480,1
480,0
479,7
479,6
479,5
479,4
479,3
479,2
479,1
479,0
478,7
478,6
478,5
478,4
478,3
478,2
478,1
478,0
477,7
477,6
477,5
477,4
477,3
477,2
477,1
477,0
476,6
476,5
476,4
476,3
476,2
476,1
476,0
475,5
475,4
475,3
475,2
475,1
475,0
474,8
474,7
474,6
474,5
474,4
474,3
474,2
474,1
474,0
473,6
473,5
473,4
473,3
473,2
473,1
473,0
472,5
472,4
472,3
472,2
472,1
472,0
471,5
471,4
471,3
471,2
471,1
471,0
470,5
470,4
470,3
470,2
470,1
470,0
469,6
469,5
469,4
469,3
469,2
469,1
469,0
468,6
468,5
468,4
468,3
468,2
468,1
468,0
467,9
467,8
467,7
467,6
467,5
467,4
467,3
467,2
467,1
467,0
466,6
466,5
466,4
466,3
466,2
466,1
466,0
465,5
465,4
465,3
465,2
465,1
465,0
464,4
464,3
464,2
464,1
464,0
463,5
463,4
463,3
463,2
463,1
463,0
462,7
462,6
462,5
462,4
462,3
462,2
462,1
462,0
461,7
461,6
461,5
461,4
461,3
461,2
461,1
461,0
460,7
460,6
460,5
460,4
460,3
460,2
460,1
460,0
459,6
459,5
459,4
459,3
459,2
459,1
459,0
458,6
458,5
458,4
458,3
458,2
458,1
458,0
457,6
457,5
457,4
457,3
457,2
457,1
457,0
456,5
456,4
456,3
456,2
456,1
456,0
455,5
455,4
455,3
455,2
455,1
455,0
454,12
454,11
454,10
454,9
454,8
454,7
454,6
454,5
454,4
454,3
454,2
454,1
454,0
14,26
453,12
453,11
453,10
453,9
453,8
453,7
453,6
453,5
453,4
453,3
453,2
453,1
453,0
452,11
452,10
452,9
452,8
452,7
452,6
452,5
452,4
452,3
452,2
452,1
452,0
451,6
451,5
451,4
451,3
451,2
451,1
451,0
450,5
450,4
450,3
450,2
450,1
450,0
449,4
449,3
449,2
449,1
449,0
448,3
448,2
448,1
448,0
447,6
447,5
447,4
447,3
447,2
447,1
447,0
446,5
446,4
446,3
446,2
446,1
446,0
445,4
445,3
445,2
445,1
445,0
14,25
444,6
444,5
444,4
444,3
444,2
444,1
444,0
443,5
443,4
443,3
443,2
443,1
443,0
442,4
442,3
442,2
442,1
442,0
441,4
441,3
441,2
441,1
441,0
440,6
440,5
440,4
440,3
440,2
440,1
440,0
439,5
439,4
439,3
439,2
439,1
439,0
438,4
438,3
438,2
438,1
438,0
437,4
437,3
437,2
437,1
437,0
436,6
436,5
436,4
436,3
436,2
436,1
436,0
435,5
435,4
14,24
435,3
435,2
435,1
435,0
434,6
434,5
434,4
434,3
434,2
434,1
434,0
433,5
433,4
433,3
433,2
433,1
433,0
432,4
432,3
432,2
432,1
432,0
431,3
431,2
431,1
431,0
430,4
430,3
430,2
430,1
430,0
429,5
429,4
429,3
429,2
429,1
429,0
428,4
428,3
428,2
428,1
428,0
427,3
427,2
427,1
427,0
426,6
426,5
426,4
426,3
426,2
426,1
426,0
425,6
425,5
425,4
425,3
425,2
425,1
425,0
424,5
424,4
424,3
424,2
424,1
424,0
423,5
423,4
423,3
423,2
423,1
423,0
422,11
422,10
422,9
422,8
422,7
422,6
422,5
422,4
422,3
422,2
422,1
422,0
421,8
14,23
421,7
421,6
421,5
421,4
421,3
421,2
421,1
421,0
245,6
245,5
245,4
420,5
420,4
420,3
420,2
420,1
420,0
419,4
419,3
419,2
419,1
419,0
418,5
418,4
418,3
418,2
418,1
418,0
417,7
417,6
417,5
417,4
417,3
417,2
417,1
417,0
14,22
416,5
416,4
416,3
416,2
416,1
416,0
415,4
415,3
415,2
415,1
415,0
414,6
414,5
414,4
414,3
414,2
414,1
414,0
413,5
413,4
413,3
413,2
413,1
413,0
412,4
412,3
412,2
412,1
412,0
411,4
411,3
411,2
411,1
411,0
410,5
410,4
410,3
410,2
410,1
410,0
409,5
409,4
409,3
409,2
409,1
409,0
408,6
408,5
408,4
408,3
408,2
408,1
408,0
407,5
407,4
407,3
407,2
407,1
407,0
406,4
406,3
406,2
406,1
406,0
405,4
405,3
405,2
405,1
405,0
404,5
404,4
404,3
404,2
404,1
404,0
403,4
403,3
403,2
403,1
403,0
402,6
402,5
402,4
402,3
402,2
402,1
402,0
401,5
401,4
401,3
401,2
401,1
401,0
400,5
400,4
400,3
400,2
400,1
400,0
399,4
399,3
399,2
399,1
399,0
398,5
398,4
398,3
398,2
398,1
398,0
397,5
397,4
397,3
397,2
397,1
397,0
396,4
396,3
396,2
396,1
396,0
395,10
395,9
395,8
395,7
395,6
395,5
395,4
395,3
395,2
395,1
395,0
233,5
233,4
235,4
394,4
394,3
394,2
394,1
394,0
393,5
393,4
393,3
393,2
393,1
393,0
392,3
392,2
392,1
392,0
391,3
391,2
391,1
391,0
390,10
390,9
390,8
390,7
390,6
390,5
390,4
390,3
390,2
390,1
390,0
14,21
389,4
389,3
389,2
389,1
389,0
388,3
388,2
388,1
388,0
387,3
387,2
387,1
387,0
386,6
386,5
